kinematics:
  shoulder:
    x: 0
    y: 0
    z: 0.1519720094709559
    roll: -0
    pitch: 0
    yaw: -4.075256111406821e-05
  upper_arm:
    x: -0.0001741724221020971
    y: 0
    z: 0
    roll: 1.571184458807471
    pitch: 0
    yaw: -3.780630864733933e-05
  forearm:
    x: -0.2434794139874107
    y: 0
    z: 0
    roll: 3.140880702024851
    pitch: -3.1397251889124
    yaw: -3.141567687120497
  wrist_1:
    x: -0.2132902672678847
    y: -0.0004769510176471754
    z: 0.1120255518791114
    roll: 0.004257494186500489
    pitch: 0.0004972331629163765
    yaw: -0.0001312863638311196
  wrist_2:
    x: 6.822933753254518e-05
    y: -0.08540737301934301
    z: -7.515235900994237e-05
    roll: 1.571676254802948
    pitch: 0
    yaw: 6.512858624217049e-06
  wrist_3:
    x: -3.708396587953634e-05
    y: 0.08227790421633105
    z: -4.640002031357174e-05
    roll: 1.57023238419285
    pitch: 3.141592653589793
    yaw: -3.141566807022587
  hash: calib_336188160809596540